0.0076
0.0072
-0.0095
0.0151
-0.0609
-0.0665
-0.0801
-0.0265
-0.0854
0.0177
0.1344
0.0966
0.0321
-0.0604
-0.0274
-0.0224
0.0086
-0.0939
-0.0366
0.0477
0.0111
-0.0064
-0.0189
0.0896
0.1236
0.1147
-0.0842
-0.1362
-0.1203
-0.1487
-0.0844
0.0177
0.2172
0.2772
0.2259
-0.0519
-0.1732
-0.1865
-0.2070
-0.1263
-0.0291
0.1419
0.1816
0.1632
-0.0068
0.0225
0.1204
0.0811
-0.0266
-0.2330
-0.3406
-0.3924
-0.2217
0.0337
0.5423
0.9310
0.8156
0.2559
-0.5921
-1.2269
-1.4171
-0.8970
-1.2780
-2.0479
0.7359
-0.5141
-1.6858
-2.3363
3.4189
2.1006
0.0286
-1.2802
-1.3382
1.7985
0.3967
-1.3300
-2.6532
2.6310
1.2408
-0.5124
-1.3018
-0.9013
2.4343
0.9220
-1.1223
-2.7893
2.2845
0.8814
-0.7308
-1.3317
-0.7959
2.5778
1.0278
-1.0736
-2.7703
2.3097
0.9214
-0.7029
-1.3563
-0.8910
2.4382
0.9063
-1.1116
-2.6962
2.4682
1.0918
-0.6001
-1.3667
-1.0036
2.2823
0.7812
-1.1549
-2.6510
2.5679
1.1932
-0.5432
-1.3717
-1.0505
2.2323
0.7421
-1.2051
-2.7122
2.5461
1.1780
-0.6346
-1.3930
-0.9600
2.3930
0.7793
-1.1688
-2.7187
2.5343
1.1684
-0.6346
-1.3930
-0.9600
2.3930
0.7793
-1.1688
-2.7187
2.5343
1.1684
-0.6346
-1.3930
-0.9600
2.3930
0.7793
-1.1688
-2.7187
2.5343
1.1684
-0.6346
-1.3930
-0.9600
2.3930
0.7793
-1.1688
-2.7187
2.5343
1.1684
-0.6346
-1.3930
-0.9600
2.3930
0.7793
-1.1688
-2.7187
2.5343
1.1684
-0.6346
-1.3930
-0.9600
2.3930
0.7793
-1.1688
-2.7187
2.5343
1.1684
-0.6346
-1.3930
-0.9600
2.3930
0.7793
-1.1688
-2.7187
2.5343
1.1684
-0.6346
-1.3930
-0.9600
2.3930
0.7793
-1.1688
-2.7187
2.5343
1.1684
-0.6346
-1.3930
-0.9600
2.3930
0.7793
-1.1688
-2.7187
2.5343
1.1684
-0.6346
-1.3930
-0.9600
2.3930
0.7793
-1.1688
-2.7187
2.5343
1.1684
-0.6346
-1.3930
-0.9600
2.3930
0.7793
-1.1688
-2.7187
2.5343
1.1684
-0.6346
-1.3930
-0.9600
2.3930
0.7793
-1.1688
-2.7187
2.5343
1.1684
-0.6346
-1.3930
-0.9600
2.3930
0.7793
-1.1688
-2.7187
2.5343
1.1684
-0.6346
-1.3930
-0.9600
2.3930
0.7793
-1.1688
-2.7187
2.5343
1.1684
-0.6346
-1.3930
-0.9600
2.3930
0.7793
-1.1688
-2.7187
2.5343
1.1684
-0.6346
-1.3930
-0.9600
2.3930
0.7793
-1.1688
-2.7187
2.5343
1.1684
-0.6346
-1.3930
-0.9600
2.3930
0.7793
-1.1688
-2.7187
2.5343
1.1684
-0.6346
-1.3930
-0.9600
2.3930
0.7793
-1.1688
-2.7187
2.5343
1.1684
-0.6346
-1.3930
-0.9600
2.3930
0.7793
-1.1688
-2.7187
2.5343
1.1684
-0.6346
-1.3930
-0.9600
2.3930
0.7793
-1.1688
-2.7187
2.5343
1.1684
-0.6346
-1.3930
-0.9600
2.3930
0.7793
-1.1688
-2.7187
2.5343
1.1684
-0.6346
-1.3930
-0.9600
2.3930
0.7793
-1.1688
-2.7187
2.5343
1.1684
-0.6346
-1.3930
-0.9600
2.3930
0.7793
-1.1688
-2.7187
2.5343
1.1684
-0.6346
-1.3930
-0.9600
2.3930
0.7793
-1.1688
-2.7187
2.5343
1.1684
-0.6346
-1.3930
-0.9600
2.3930
0.7793
-1.1688
-2.7187
2.5343
1.1684
-0.6346
-1.3930
-0.9600
2.3930
0.7793
-1.1688
-2.7187
2.5343
1.1684
-0.6346
-1.3930
-0.9600
2.3930
0.7793
-1.1688
-2.7187
2.5343
1.1684
-0.6346
-1.3930
-0.9600
2.3930
0.7793
-1.1688
-2.7187
2.5343
1.1684
-0.6346
-1.3930
-0.9600
2.3930
0.7793
-1.1688
-2.7187
2.5343
1.1684
-0.6346
-1.3930
-0.9600
2.3930
0.7793
-1.1688
-2.7187
2.5343
1.1684
-0.6346
-1.3930
-0.9600
2.3930
0.7793
-1.1688
-2.7187
2.5343
1.1684
-0.6346
-1.3930
-0.9600
2.3930
0.7793
-1.1688
-2.7187
2.5343
1.1684
-0.6346
-1.3930
-0.9600
2.3930
0.7793
-1.1688
-2.7187
2.5343
1.1684
-0.6346
-1.3930
-0.9600
2.3930
0.7793
-1.1688
-2.7187
2.5343
1.1684
-0.6346
-1.3930
-0.9600
2.3930
0.7793
-1.1688
-2.7187
2.5343
1.1684
-0.6346
-1.3930
-0.9600
2.3930
0.7793
-1.1688
-2.7187
2.5343
1.1684
-0.6346
-1.3930
-0.9600
2.3930
0.7793
-1.1688
-2.7187
2.5343
1.1684
-0.6346
-1.3930
-0.9600
2.3930
0.7793
-1.1688
-2.7187
2.5343
1.1684
-0.6346
-1.3930
-0.9600
2.3930
0.7793
-1.1688
-2.7187
2.5343
1.1684
-0.6346
-1.3930
-0.9600
2.3930
0.7793
-1.1688
-2.7187
2.5343
1.1684
-0.6346
-1.3930
-0.9600
2.3930
0.7793
-1.1688
-2.7187
2.5343
1.1684
-0.6346
-1.3930
-0.9600
2.3930
0.7793
-1.1688
-2.7187
2.5343
1.1684
-0.6346
-1.3930
-0.9600
2.3930
0.7793
-1.1688
-2.7187
2.5343
1.1684
-0.6346
-1.3930
-0.9600
2.3930
0.7793
-1.1688
-2.7187
2.5343
1.1684
-0.6346
-1.3930
-0.9600
2.3930
0.7793
-1.1688
-2.7187
2.5343
1.1684
-0.6346
-1.3930
-0.9600
2.3930
0.7793
-1.1688
-2.7187
2.5343
1.1684
-0.6346
-1.3930
-0.9600
2.3930
0.7793
-1.1688
-2.7187
2.5343
1.1684
-0.6346
-1.3930
-0.9600
2.3930
0.7793
-1.1688
-2.7187
2.5343
1.1684
-0.6346
-1.3930
-0.9600
2.3930
0.7793
-1.1688
-2.7187
2.5343
1.1684
-0.6346
-1.3930
-0.9600
2.3930
0.7793
-1.1688
-2.7187
2.5343
1.1684
-0.6346
-1.3930
-0.9600
2.3930
0.7793
-1.1688
-2.7187
2.5343
1.1684
-0.6346
-1.3930
-0.9600
2.3930
0.7793
-1.1688
-2.7187
2.5343
1.1684
-0.6346
-1.3930
-0.9600
2.3930
0.7793
-1.1688
-2.7187
2.5343
1.1684
-0.6346
-1.3930
-0.9600
2.3930
0.7793
-1.1688
-2.7187
2.5343
1.1684
-0.6346
-1.3930
-0.9600
2.3930
0.7793
-1.1688
-2.7187
2.5343
1.1684
-0.6346
-1.3930
-0.9600
2.3930
0.7793
-1.1688
-2.7187
2.5343
1.1684
-0.6346
-1.3930
-0.9600
2.3930
0.7793
-1.1688
-2.7187
2.5343
1.1684
-0.6346
-1.3930
-0.9600
2.3930
0.7793
-1.1688
-2.7187
2.5343
1.1684
-0.6346
-1.3930
-0.9600
2.3930
0.7793
-1.1688
-2.7187
2.5343
1.1684
-0.6346
-1.3930
-0.9600
2.3930
0.7793
-1.1688
-2.7187
2.5343
1.1684
-0.6346
-1.3930
-0.9600
2.3930
0.7793
-1.1688
-2.7187
2.5343
1.1684
-0.6346
-1.3930
-0.9600
2.3930
0.7793
-1.1688
-2.7187
2.5343
1.1684
-0.6346
-1.3930
-0.9600
2.3930
0.7793
-1.1688
-2.7187
2.5343
1.1684
-0.6346
-1.3930
-0.9600
2.3930
0.7793
-1.1688
-2.7187
2.5343
1.1684
-0.6346
-1.3930
-0.9600
2.3930
0.7793
-1.1688
-2.7187
2.5343
1.1684
-0.6346
-1.3930
-0.9600
2.3930
0.7793
-1.1688
-2.7187
2.5343
1.1684
-0.6346
-1.3930
-0.9600
2.3930
0.7793
-1.1688
-2.7187
2.5343
1.1684
-0.6346
-1.3930
-0.9600
2.3930
0.7793
-1.1688
-2.7187
2.5343
1.1684
-0.6346
-1.3930
-0.9600
2.3930
0.7793
-1.1688
-2.7187
2.5343
1.1684
-0.6346
-1.3930
-0.9600
2.3930
0.7793
-1.1688
-2.7187
2.5343
1.1684
-0.6346
-1.3930
-0.9600
2.3930
0.7793
-1.1688
-2.7187
2.5343
1.1684
-0.6346
-1.3930
-0.9600
2.3930
0.7793
-1.1688
-2.7187
2.5343
1.1684
-0.6346
-1.3930
-0.9600
2.3930
0.7793
-1.1688
-2.7187
2.5343
1.1684
-0.6346
-1.3930
-0.9600
2.3930
0.7793
-1.1688
-2.7187
2.5343
1.1684
-0.6346
-1.3930
-0.9600
2.3930
0.7793
-1.1688
-2.7187
2.5343
1.1684
-0.6346
-1.3930
-0.9600
2.3930
0.7793
-1.1688
-2.7187
2.5343
1.1684
-0.6346
-1.3930
-0.9600
2.3930
0.7793
-1.1688
-2.7187
2.5343
1.1684
-0.6346
-1.3930
-0.9600
2.3930
0.7793
-1.1688
-2.7187
2.5343
1.1684
-0.6346
-1.3930
-0.9600
2.3930
0.7793
-1.1688
-2.7187
2.5343
1.1684
-0.6346
-1.3930
-0.9600
2.3930
0.7793
-1.1688
-2.7187
2.5343
1.1684
-0.6346
-1.3930
-0.9600
2.3930
0.7793
-1.1688
-2.7187
2.5343
1.1684
-0.6346
-1.3930
-0.9600
2.3930
0.7793
-1.1688
-2.7187
2.5343
1.1684
-0.6346
-1.3930
-0.9600
2.3930
0.7793
-1.1688
-2.7187
2.5343
1.1684
-0.6346
-1.3930
-0.9600
2.3930
0.7793
-1.1688
-2.7187
2.5343
1.1684
-0.6346
-1.3930
-0.9600
2.3930
0.7793
-1.1688
-2.7187
2.5343
1.1684
-0.6346
-1.3930
-0.9600
2.3930
0.7793
-1.1688
-2.7187
2.5343
1.1684
-0.6346
-1.3930
