-0.0311
-0.0865
-0.0543
-0.0512
-0.0499
0.1144
0.1095
0.0489
0.0038
-0.0311
-0.0946
-0.0493
-0.0456
-0.0668
0.1372
0.0892
0.0591
0.0065
-0.0434
-0.0810
-0.0538
-0.0591
-0.0316
0.0831
0.1536
-0.0035
0.0553
-0.0693
-0.0818
-0.0278
-0.1041
0.0236
0.0271
0.2022
-0.0392
0.0752
-0.0739
-0.0896
-0.0132
-0.1188
0.0314
0.0321
0.1816
-0.0041
0.0323
-0.0346
-0.1103
-0.0259
-0.0603
-0.0778
0.1873
-0.0047
0.1881
-0.1354
0.0766
-0.1379
-0.0987
0.1153
-0.3429
0.5133
-0.3516
0.5100
-1.8320
-3.2227
-1.5969
-2.6654
-1.0824
4.8712
3.4623
1.8084
0.4133
-2.0890
-3.0864
-1.5997
-2.7905
-0.8524
4.5724
3.7867
1.5023
0.6637
-2.2574
-3.0109
-1.5854
-2.8781
-0.7163
4.4154
3.9383
1.3755
0.7543
-2.3095
-2.9925
-1.5797
-2.8965
-0.6958
4.4006
3.9430
1.3818
0.7394
-2.2906
-3.0092
-1.5718
-2.8899
-0.7206
4.4441
3.8846
1.4471
0.6781
-2.2447
-3.0304
-1.5794
-2.8557
-0.7730
4.5022
3.8335
1.4822
0.6619
-2.2435
-3.0255
-1.5808
-2.8645
-0.7532
4.4771
3.8546
1.4738
0.6056
-2.3196
-3.0664
-1.6646
-2.8578
-0.6231
4.5559
3.9058
1.4643
0.6056
-2.3196
-3.0664
-1.6646
-2.8578
-0.6231
4.5559
3.9058
1.4643
0.6056
-2.3196
-3.0664
-1.6646
-2.8578
-0.6231
4.5559
3.9058
1.4643
0.6056
-2.3196
-3.0664
-1.6646
-2.8578
-0.6231
4.5559
3.9058
1.4643
0.6056
-2.3196
-3.0664
-1.6646
-2.8578
-0.6231
4.5559
3.9058
1.4643
0.6056
-2.3196
-3.0664
-1.6646
-2.8578
-0.6231
4.5559
3.9058
1.4643
0.6056
-2.3196
-3.0664
-1.6646
-2.8578
-0.6231
4.5559
3.9058
1.4643
0.6056
-2.3196
-3.0664
-1.6646
-2.8578
-0.6231
4.5559
3.9058
1.4643
0.6056
-2.3196
-3.0664
-1.6646
-2.8578
-0.6231
4.5559
3.9058
1.4643
0.6056
-2.3196
-3.0664
-1.6646
-2.8578
-0.6231
4.5559
3.9058
1.4643
0.6056
-2.3196
-3.0664
-1.6646
-2.8578
-0.6231
4.5559
3.9058
1.4643
0.6056
-2.3196
-3.0664
-1.6646
-2.8578
-0.6231
4.5559
3.9058
1.4643
0.6056
-2.3196
-3.0664
-1.6646
-2.8578
-0.6231
4.5559
3.9058
1.4643
0.6056
-2.3196
-3.0664
-1.6646
-2.8578
-0.6231
4.5559
3.9058
1.4643
0.6056
-2.3196
-3.0664
-1.6646
-2.8578
-0.6231
4.5559
3.9058
1.4643
0.6056
-2.3196
-3.0664
-1.6646
-2.8578
-0.6231
4.5559
3.9058
1.4643
0.6056
-2.3196
-3.0664
-1.6646
-2.8578
-0.6231
4.5559
3.9058
1.4643
0.6056
-2.3196
-3.0664
-1.6646
-2.8578
-0.6231
4.5559
3.9058
1.4643
0.6056
-2.3196
-3.0664
-1.6646
-2.8578
-0.6231
4.5559
3.9058
1.4643
0.6056
-2.3196
-3.0664
-1.6646
-2.8578
-0.6231
4.5559
3.9058
1.4643
0.6056
-2.3196
-3.0664
-1.6646
-2.8578
-0.6231
4.5559
3.9058
1.4643
0.6056
-2.3196
-3.0664
-1.6646
-2.8578
-0.6231
4.5559
3.9058
1.4643
0.6056
-2.3196
-3.0664
-1.6646
-2.8578
-0.6231
4.5559
3.9058
1.4643
0.6056
-2.3196
-3.0664
-1.6646
-2.8578
-0.6231
4.5559
3.9058
1.4643
0.6056
-2.3196
-3.0664
-1.6646
-2.8578
-0.6231
4.5559
3.9058
1.4643
0.6056
-2.3196
-3.0664
-1.6646
-2.8578
-0.6231
4.5559
3.9058
1.4643
0.6056
-2.3196
-3.0664
-1.6646
-2.8578
-0.6231
4.5559
3.9058
1.4643
0.6056
-2.3196
-3.0664
-1.6646
-2.8578
-0.6231
4.5559
3.9058
1.4643
0.6056
-2.3196
-3.0664
-1.6646
-2.8578
-0.6231
4.5559
3.9058
1.4643
0.6056
-2.3196
-3.0664
-1.6646
-2.8578
-0.6231
4.5559
3.9058
1.4643
0.6056
-2.3196
-3.0664
-1.6646
-2.8578
-0.6231
4.5559
3.9058
1.4643
0.6056
-2.3196
-3.0664
-1.6646
-2.8578
-0.6231
4.5559
3.9058
1.4643
0.6056
-2.3196
-3.0664
-1.6646
-2.8578
-0.6231
4.5559
3.9058
1.4643
0.6056
-2.3196
-3.0664
-1.6646
-2.8578
-0.6231
4.5559
3.9058
1.4643
0.6056
-2.3196
-3.0664
-1.6646
-2.8578
-0.6231
4.5559
3.9058
1.4643
0.6056
-2.3196
-3.0664
-1.6646
-2.8578
-0.6231
4.5559
3.9058
1.4643
0.6056
-2.3196
-3.0664
-1.6646
-2.8578
-0.6231
4.5559
3.9058
1.4643
0.6056
-2.3196
-3.0664
-1.6646
-2.8578
-0.6231
4.5559
3.9058
1.4643
0.6056
-2.3196
-3.0664
-1.6646
-2.8578
-0.6231
4.5559
3.9058
1.4643
0.6056
-2.3196
-3.0664
-1.6646
-2.8578
-0.6231
4.5559
3.9058
1.4643
0.6056
-2.3196
-3.0664
-1.6646
-2.8578
-0.6231
4.5559
3.9058
1.4643
0.6056
-2.3196
-3.0664
-1.6646
-2.8578
-0.6231
4.5559
3.9058
1.4643
0.6056
-2.3196
-3.0664
-1.6646
-2.8578
-0.6231
4.5559
3.9058
1.4643
0.6056
-2.3196
-3.0664
-1.6646
-2.8578
-0.6231
4.5559
3.9058
1.4643
0.6056
-2.3196
-3.0664
-1.6646
-2.8578
-0.6231
4.5559
3.9058
1.4643
0.6056
-2.3196
-3.0664
-1.6646
-2.8578
-0.6231
4.5559
3.9058
1.4643
0.6056
-2.3196
-3.0664
-1.6646
-2.8578
-0.6231
4.5559
3.9058
1.4643
0.6056
-2.3196
-3.0664
-1.6646
-2.8578
-0.6231
4.5559
3.9058
1.4643
0.6056
-2.3196
-3.0664
-1.6646
-2.8578
-0.6231
4.5559
3.9058
1.4643
0.6056
-2.3196
-3.0664
-1.6646
-2.8578
-0.6231
4.5559
3.9058
1.4643
0.6056
-2.3196
-3.0664
-1.6646
-2.8578
-0.6231
4.5559
3.9058
1.4643
0.6056
-2.3196
-3.0664
-1.6646
-2.8578
-0.6231
4.5559
3.9058
1.4643
0.6056
-2.3196
-3.0664
-1.6646
-2.8578
-0.6231
4.5559
3.9058
1.4643
0.6056
-2.3196
-3.0664
-1.6646
-2.8578
-0.6231
4.5559
3.9058
1.4643
0.6056
-2.3196
-3.0664
-1.6646
-2.8578
-0.6231
4.5559
3.9058
1.4643
0.6056
-2.3196
-3.0664
-1.6646
-2.8578
-0.6231
4.5559
3.9058
1.4643
0.6056
-2.3196
-3.0664
-1.6646
-2.8578
-0.6231
4.5559
3.9058
1.4643
0.6056
-2.3196
-3.0664
-1.6646
-2.8578
-0.6231
4.5559
3.9058
1.4643
0.6056
-2.3196
-3.0664
-1.6646
-2.8578
-0.6231
4.5559
3.9058
1.4643
0.6056
-2.3196
-3.0664
-1.6646
-2.8578
-0.6231
4.5559
3.9058
1.4643
0.6056
-2.3196
-3.0664
-1.6646
-2.8578
-0.6231
4.5559
3.9058
1.4643
0.6056
-2.3196
-3.0664
-1.6646
-2.8578
-0.6231
4.5559
3.9058
1.4643
0.6056
-2.3196
-3.0664
-1.6646
-2.8578
-0.6231
4.5559
3.9058
1.4643
0.6056
-2.3196
-3.0664
-1.6646
-2.8578
-0.6231
4.5559
3.9058
1.4643
0.6056
-2.3196
-3.0664
-1.6646
-2.8578
-0.6231
4.5559
3.9058
1.4643
0.6056
-2.3196
-3.0664
-1.6646
-2.8578
-0.6231
4.5559
3.9058
1.4643
0.6056
-2.3196
-3.0664
-1.6646
-2.8578
-0.6231
4.5559
3.9058
1.4643
0.6056
-2.3196
-3.0664
-1.6646
-2.8578
-0.6231
4.5559
3.9058
1.4643
0.6056
-2.3196
-3.0664
-1.6646
-2.8578
-0.6231
4.5559
3.9058
1.4643
0.6056
-2.3196
-3.0664
-1.6646
-2.8578
-0.6231
4.5559
3.9058
1.4643
0.6056
-2.3196
-3.0664
-1.6646
-2.8578
-0.6231
4.5559
3.9058
1.4643
0.6056
-2.3196
-3.0664
-1.6646
-2.8578
-0.6231
4.5559
3.9058
1.4643
0.6056
-2.3196
-3.0664
-1.6646
-2.8578
-0.6231
4.5559
3.9058
1.4643
0.6056
-2.3196
-3.0664
-1.6646
-2.8578
-0.6231
4.5559
3.9058
1.4643
0.6056
-2.3196
-3.0664
-1.6646
-2.8578
-0.6231
4.5559
3.9058
1.4643
0.6056
-2.3196
-3.0664
-1.6646
-2.8578
-0.6231
4.5559
3.9058
1.4643
0.6056
-2.3196
-3.0664
-1.6646
-2.8578
-0.6231
4.5559
3.9058
1.4643
0.6056
-2.3196
-3.0664
-1.6646
-2.8578
-0.6231
4.5559
3.9058
1.4643
0.6056
-2.3196
-3.0664
-1.6646
-2.8578
-0.6231
4.5559
3.9058
1.4643
0.6056
-2.3196
-3.0664
-1.6646
-2.8578
-0.6231
4.5559
3.9058
1.4643
0.6056
-2.3196
-3.0664
-1.6646
-2.8578
-0.6231
4.5559
3.9058
1.4643
0.6056
-2.3196
-3.0664
-1.6646
-2.8578
-0.6231
4.5559
3.9058
1.4643
0.6056
-2.3196
-3.0664
-1.6646
-2.8578
-0.6231
4.5559
3.9058
1.4643
0.6056
-2.3196
-3.0664
-1.6646
-2.8578
-0.6231
4.5559
3.9058
1.4643
0.6056
-2.3196
-3.0664
-1.6646
-2.8578
-0.6231
4.5559
3.9058
1.4643
0.6056
-2.3196
-3.0664
-1.6646
-2.8578
-0.6231
4.5559
3.9058
1.4643
0.6056
-2.3196
