0.019040
-0.022086
0.032857
-0.039325
-0.062853
-0.084159
-0.025857
-0.080829
0.020981
0.134759
0.094532
0.027763
-0.066099
-0.031644
-0.021992
0.015006
-0.083577
-0.027175
0.051042
0.005656
-0.018897
-0.032819
0.081165
0.124839
0.125214
-0.069629
-0.124705
-0.116949
-0.153988
-0.094200
0.009007
0.213263
0.277742
0.227320
-0.052829
-0.176535
-0.188315
-0.201789
-0.112042
-0.010202
0.155046
0.177898
0.138487
-0.045139
-0.011680
0.110316
0.105931
0.026979
-0.173682
-0.305496
-0.403033
-0.278369
-0.045670
0.477775
0.914665
0.859062
0.341567
-0.503882
-1.178702
-1.433404
-0.971225
-0.041998
-2.122081
0.719582
-0.465910
-1.597550
-2.250646
3.462368
2.084270
-0.035869
-1.359555
-1.394882
1.787907
0.431852
-1.270692
-2.599617
2.655835
1.230702
-0.546538
-1.340126
-0.925967
2.430604
0.935136
-1.103446
-2.775082
2.289609
0.879607
-0.734096
-1.332623
-0.794401
2.578313
1.023923
-1.082287
-2.780130
2.304419
0.924749
-0.691421
-1.341746
-0.880498
2.439438
0.897868
-1.125474
-2.708611
2.462750
1.095155
-0.590727
-1.356329
-0.997189
2.282755
0.776971
-1.160624
-2.655334
2.565836
1.193596
-0.539880
-1.367067
-1.049798
2.228228
0.745847
-1.183556
-2.694477
2.533560
1.189835
-0.642223
-1.393032
-0.959983
2.393030
0.779344
-1.168766
-2.718737
2.534319
1.168434
-0.634607
-1.393032
-0.959983
2.393030
0.779344
-1.168766
-2.718737
2.534319
1.168434
-0.634607
-1.393032
-0.959983
2.393030
0.779344
-1.168766
-2.718737
2.534319
1.168434
-0.634607
-1.393032
-0.959983
2.393030
0.779344
-1.168766
-2.718737
2.534319
1.168434
-0.634607
-1.393032
-0.959983
2.393030
0.779344
-1.168766
-2.718737
2.534319
1.168434
-0.634607
-1.393032
-0.959983
2.393030
0.779344
-1.168766
-2.718737
2.534319
1.168434
-0.634607
-1.393032
-0.959983
2.393030
0.779344
-1.168766
-2.718737
2.534319
1.168434
-0.634607
-1.393032
-0.959983
2.393030
0.779344
-1.168766
-2.718737
2.534319
1.168434
-0.634607
-1.393032
-0.959983
2.393030
0.779344
-1.168766
-2.718737
2.534319
1.168434
-0.634607
-1.393032
-0.959983
2.393030
0.779344
-1.168766
-2.718737
2.534319
1.168434
-0.634607
-1.393032
-0.959983
2.393030
0.779344
-1.168766
-2.718737
2.534319
1.168434
-0.634607
-1.393032
-0.959983
2.393030
0.779344
-1.168766
-2.718737
2.534319
1.168434
-0.634607
-1.393032
-0.959983
2.393030
0.779344
-1.168766
-2.718737
2.534319
1.168434
-0.634607
-1.393032
-0.959983
2.393030
0.779344
-1.168766
-2.718737
2.534319
1.168434
-0.634607
-1.393032
-0.959983
2.393030
0.779344
-1.168766
-2.718737
2.534319
1.168434
-0.634607
-1.393032
-0.959983
2.393030
0.779344
-1.168766
-2.718737
2.534319
1.168434
-0.634607
-1.393032
-0.959983
2.393030
0.779344
-1.168766
-2.718737
2.534319
1.168434
-0.634607
-1.393032
-0.959983
2.393030
0.779344
-1.168766
-2.718737
2.534319
1.168434
-0.634607
-1.393032
-0.959983
2.393030
0.779344
-1.168766
-2.718737
2.534319
1.168434
-0.634607
-1.393032
-0.959983
2.393030
0.779344
-1.168766
-2.718737
2.534319
1.168434
-0.634607
-1.393032
-0.959983
2.393030
0.779344
-1.168766
-2.718737
2.534319
1.168434
-0.634607
-1.393032
-0.959983
2.393030
0.779344
-1.168766
-2.718737
2.534319
1.168434
-0.634607
-1.393032
-0.959983
2.393030
0.779344
-1.168766
-2.718737
2.534319
1.168434
-0.634607
-1.393032
-0.959983
2.393030
0.779344
-1.168766
-2.718737
2.534319
1.168434
-0.634607
-1.393032
-0.959983
2.393030
0.779344
-1.168766
-2.718737
2.534319
1.168434
-0.634607
-1.393032
-0.959983
2.393030
0.779344
-1.168766
-2.718737
2.534319
1.168434
-0.634607
-1.393032
-0.959983
2.393030
0.779344
-1.168766
-2.718737
2.534319
1.168434
-0.634607
-1.393032
-0.959983
2.393030
0.779344
-1.168766
-2.718737
2.534319
1.168434
-0.634607
-1.393032
-0.959983
2.393030
0.779344
-1.168766
-2.718737
2.534319
1.168434
-0.634607
-1.393032
-0.959983
2.393030
0.779344
-1.168766
-2.718737
2.534319
1.168434
-0.634607
-1.393032
-0.959983
2.393030
0.779344
-1.168766
-2.718737
2.534319
1.168434
-0.634607
-1.393032
-0.959983
2.393030
0.779344
-1.168766
-2.718737
2.534319
1.168434
-0.634607
-1.393032
-0.959983
2.393030
0.779344
-1.168766
-2.718737
2.534319
1.168434
-0.634607
-1.393032
-0.959983
2.393030
0.779344
-1.168766
-2.718737
2.534319
1.168434
-0.634607
-1.393032
-0.959983
2.393030
0.779344
-1.168766
-2.718737
2.534319
1.168434
-0.634607
-1.393032
-0.959983
2.393030
0.779344
-1.168766
-2.718737
2.534319
1.168434
-0.634607
-1.393032
-0.959983
2.393030
0.779344
-1.168766
-2.718737
2.534319
1.168434
-0.634607
-1.393032
-0.959983
2.393030
0.779344
-1.168766
-2.718737
2.534319
1.168434
-0.634607
-1.393032
-0.959983
2.393030
0.779344
-1.168766
-2.718737
2.534319
1.168434
-0.634607
-1.393032
-0.959983
2.393030
0.779344
-1.168766
-2.718737
2.534319
1.168434
-0.634607
-1.393032
-0.959983
2.393030
0.779344
-1.168766
-2.718737
2.534319
1.168434
-0.634607
-1.393032
-0.959983
2.393030
0.779344
-1.168766
-2.718737
2.534319
1.168434
-0.634607
-1.393032
-0.959983
2.393030
0.779344
-1.168766
-2.718737
2.534319
1.168434
-0.634607
-1.393032
-0.959983
2.393030
0.779344
-1.168766
-2.718737
2.534319
1.168434
-0.634607
-1.393032
-0.959983
2.393030
0.779344
-1.168766
-2.718737
2.534319
1.168434
-0.634607
-1.393032
-0.959983
2.393030
0.779344
-1.168766
-2.718737
2.534319
1.168434
-0.634607
-1.393032
-0.959983
2.393030
0.779344
-1.168766
-2.718737
2.534319
1.168434
-0.634607
-1.393032
-0.959983
2.393030
0.779344
-1.168766
-2.718737
2.534319
1.168434
-0.634607
-1.393032
-0.959983
2.393030
0.779344
-1.168766
-2.718737
2.534319
1.168434
-0.634607
-1.393032
-0.959983
2.393030
0.779344
-1.168766
-2.718737
2.534319
1.168434
-0.634607
-1.393032
-0.959983
2.393030
0.779344
-1.168766
-2.718737
2.534319
1.168434
-0.634607
-1.393032
-0.959983
2.393030
0.779344
-1.168766
-2.718737
2.534319
1.168434
-0.634607
-1.393032
-0.959983
2.393030
0.779344
-1.168766
-2.718737
2.534319
1.168434
-0.634607
-1.393032
-0.959983
2.393030
0.779344
-1.168766
-2.718737
2.534319
1.168434
-0.634607
-1.393032
-0.959983
2.393030
0.779344
-1.168766
-2.718737
2.534319
1.168434
-0.634607
-1.393032
-0.959983
2.393030
0.779344
-1.168766
-2.718737
2.534319
1.168434
-0.634607
-1.393032
-0.959983
2.393030
0.779344
-1.168766
-2.718737
2.534319
1.168434
-0.634607
-1.393032
-0.959983
2.393030
0.779344
-1.168766
-2.718737
2.534319
1.168434
-0.634607
-1.393032
-0.959983
2.393030
0.779344
-1.168766
-2.718737
2.534319
1.168434
-0.634607
-1.393032
-0.959983
2.393030
0.779344
-1.168766
-2.718737
2.534319
1.168434
-0.634607
-1.393032
-0.959983
2.393030
0.779344
-1.168766
-2.718737
2.534319
1.168434
-0.634607
-1.393032
-0.959983
2.393030
0.779344
-1.168766
-2.718737
2.534319
1.168434
-0.634607
-1.393032
-0.959983
2.393030
0.779344
-1.168766
-2.718737
2.534319
1.168434
-0.634607
-1.393032
-0.959983
2.393030
0.779344
-1.168766
-2.718737
2.534319
1.168434
-0.634607
-1.393032
-0.959983
2.393030
0.779344
-1.168766
-2.718737
2.534319
1.168434
-0.634607
-1.393032
-0.959983
2.393030
0.779344
-1.168766
-2.718737
2.534319
1.168434
-0.634607
-1.393032
-0.959983
2.393030
0.779344
-1.168766
-2.718737
2.534319
1.168434
-0.634607
-1.393032
-0.959983
2.393030
0.779344
-1.168766
-2.718737
2.534319
1.168434
-0.634607
-1.393032
-0.959983
2.393030
0.779344
-1.168766
-2.718737
2.534319
1.168434
-0.634607
-1.393032
-0.959983
2.393030
0.779344
-1.168766
-2.718737
2.534319
1.168434
-0.634607
-1.393032
-0.959983
2.393030
0.779344
-1.168766
-2.718737
2.534319
1.168434
-0.634607
-1.393032
-0.959983
2.393030
0.779344
-1.168766
-2.718737
2.534319
1.168434
-0.634607
-1.393032
-0.959983
2.393030
0.779344
-1.168766
-2.718737
2.534319
1.168434
-0.634607
-1.393032
-0.959983
2.393030
0.779344
-1.168766
-2.718737
2.534319
1.168434
-0.634607
-1.393032
-0.959983
2.393030
0.779344
-1.168766
-2.718737
2.534319
1.168434
-0.634607
-1.393032
-0.959983
2.393030
0.779344
-1.168766
-2.718737
2.534319
1.168434
-0.634607
-1.393032
-0.959983
2.393030
0.779344
-1.168766
-2.718737
2.534319
1.168434
-0.634607
-1.393032
-0.959983
2.393030
0.779344
-1.168766
-2.718737
2.534319
1.168434
-0.634607
-1.393032
-0.959983
2.393030
0.779344
-1.168766
-2.718737
2.534319
1.168434
-0.634607
-1.393032
-0.959983
2.393030
0.779344
-1.168766
-2.718737
2.534319
1.168434
-0.634607
-1.393032
-0.959983
2.393030
0.779344
-1.168766
-2.718737
2.534319
1.168434
-0.634607
-1.393032
-0.959983
2.393030
0.779344
-1.168766
-2.718737
2.534319
1.168434
-0.634607
-1.393032
-0.959983
2.393030
0.779344
-1.168766
-2.718737
2.534319
1.168434
-0.634607
-1.393032
-0.959983
2.393030
0.779344
-1.168766
-2.718737
2.534319
1.168434
-0.634607
-1.393032
-0.959983
2.393030
0.779344
-1.168766
-2.718737
2.534319
1.168434
-0.634607
-1.393032
-0.959983
2.393030
0.779344
-1.168766
-2.718737
2.534319
1.168434
-0.634607
-1.393032
-0.959983
