-0.074180
-0.060504
-0.050113
-0.048336
0.113001
0.108591
0.052577
-0.001813
-0.025295
-0.098777
-0.047666
-0.045368
-0.067212
0.135573
0.094762
0.048890
0.020535
-0.059121
-0.066573
-0.064078
-0.055014
-0.028737
0.073991
0.167118
-0.019041
0.070297
-0.081889
-0.072988
-0.032598
-0.102949
0.025087
0.024334
0.204852
-0.040266
0.073867
-0.070123
-0.094989
-0.007986
-0.121070
0.027666
0.044612
0.158591
0.029153
-0.008846
0.009591
-0.151103
0.003976
-0.072388
-0.088548
0.223113
-0.063950
0.265307
-0.221853
0.161375
-0.209513
-0.050618
0.098423
-0.360677
0.564865
-0.431268
0.608304
-0.492289
-3.124425
-1.676566
-2.613876
-1.100208
4.854304
3.510375
1.736793
0.498096
-2.175378
-3.009203
-1.658884
-2.754689
-0.863145
4.560226
3.816603
1.461491
0.707908
-2.298559
-2.977590
-1.608374
-2.865569
-0.720062
4.413147
3.943499
1.370074
0.758122
-2.310804
-2.993566
-1.577095
-2.899334
-0.694233
4.401733
3.938184
1.390680
0.726893
-2.275628
-3.024647
-1.558291
-2.899003
-0.717769
4.448182
3.874366
1.461496
0.662424
-2.230728
-3.040581
-1.573892
-2.857307
-0.773405
4.502428
3.835188
1.478045
0.667676
-2.249128
-3.021750
-1.581673
-2.865944
-0.751634
4.478187
3.848347
1.486152
0.636724
-2.319593
-3.066427
-1.664589
-2.857824
-0.623119
4.555862
3.905822
1.464253
0.605616
-2.319593
-3.066427
-1.664589
-2.857824
-0.623119
4.555862
3.905822
1.464253
0.605616
-2.319593
-3.066427
-1.664589
-2.857824
-0.623119
4.555862
3.905822
1.464253
0.605616
-2.319593
-3.066427
-1.664589
-2.857824
-0.623119
4.555862
3.905822
1.464253
0.605616
-2.319593
-3.066427
-1.664589
-2.857824
-0.623119
4.555862
3.905822
1.464253
0.605616
-2.319593
-3.066427
-1.664589
-2.857824
-0.623119
4.555862
3.905822
1.464253
0.605616
-2.319593
-3.066427
-1.664589
-2.857824
-0.623119
4.555862
3.905822
1.464253
0.605616
-2.319593
-3.066427
-1.664589
-2.857824
-0.623119
4.555862
3.905822
1.464253
0.605616
-2.319593
-3.066427
-1.664589
-2.857824
-0.623119
4.555862
3.905822
1.464253
0.605616
-2.319593
-3.066427
-1.664589
-2.857824
-0.623119
4.555862
3.905822
1.464253
0.605616
-2.319593
-3.066427
-1.664589
-2.857824
-0.623119
4.555862
3.905822
1.464253
0.605616
-2.319593
-3.066427
-1.664589
-2.857824
-0.623119
4.555862
3.905822
1.464253
0.605616
-2.319593
-3.066427
-1.664589
-2.857824
-0.623119
4.555862
3.905822
1.464253
0.605616
-2.319593
-3.066427
-1.664589
-2.857824
-0.623119
4.555862
3.905822
1.464253
0.605616
-2.319593
-3.066427
-1.664589
-2.857824
-0.623119
4.555862
3.905822
1.464253
0.605616
-2.319593
-3.066427
-1.664589
-2.857824
-0.623119
4.555862
3.905822
1.464253
0.605616
-2.319593
-3.066427
-1.664589
-2.857824
-0.623119
4.555862
3.905822
1.464253
0.605616
-2.319593
-3.066427
-1.664589
-2.857824
-0.623119
4.555862
3.905822
1.464253
0.605616
-2.319593
-3.066427
-1.664589
-2.857824
-0.623119
4.555862
3.905822
1.464253
0.605616
-2.319593
-3.066427
-1.664589
-2.857824
-0.623119
4.555862
3.905822
1.464253
0.605616
-2.319593
-3.066427
-1.664589
-2.857824
-0.623119
4.555862
3.905822
1.464253
0.605616
-2.319593
-3.066427
-1.664589
-2.857824
-0.623119
4.555862
3.905822
1.464253
0.605616
-2.319593
-3.066427
-1.664589
-2.857824
-0.623119
4.555862
3.905822
1.464253
0.605616
-2.319593
-3.066427
-1.664589
-2.857824
-0.623119
4.555862
3.905822
1.464253
0.605616
-2.319593
-3.066427
-1.664589
-2.857824
-0.623119
4.555862
3.905822
1.464253
0.605616
-2.319593
-3.066427
-1.664589
-2.857824
-0.623119
4.555862
3.905822
1.464253
0.605616
-2.319593
-3.066427
-1.664589
-2.857824
-0.623119
4.555862
3.905822
1.464253
0.605616
-2.319593
-3.066427
-1.664589
-2.857824
-0.623119
4.555862
3.905822
1.464253
0.605616
-2.319593
-3.066427
-1.664589
-2.857824
-0.623119
4.555862
3.905822
1.464253
0.605616
-2.319593
-3.066427
-1.664589
-2.857824
-0.623119
4.555862
3.905822
1.464253
0.605616
-2.319593
-3.066427
-1.664589
-2.857824
-0.623119
4.555862
3.905822
1.464253
0.605616
-2.319593
-3.066427
-1.664589
-2.857824
-0.623119
4.555862
3.905822
1.464253
0.605616
-2.319593
-3.066427
-1.664589
-2.857824
-0.623119
4.555862
3.905822
1.464253
0.605616
-2.319593
-3.066427
-1.664589
-2.857824
-0.623119
4.555862
3.905822
1.464253
0.605616
-2.319593
-3.066427
-1.664589
-2.857824
-0.623119
4.555862
3.905822
1.464253
0.605616
-2.319593
-3.066427
-1.664589
-2.857824
-0.623119
4.555862
3.905822
1.464253
0.605616
-2.319593
-3.066427
-1.664589
-2.857824
-0.623119
4.555862
3.905822
1.464253
0.605616
-2.319593
-3.066427
-1.664589
-2.857824
-0.623119
4.555862
3.905822
1.464253
0.605616
-2.319593
-3.066427
-1.664589
-2.857824
-0.623119
4.555862
3.905822
1.464253
0.605616
-2.319593
-3.066427
-1.664589
-2.857824
-0.623119
4.555862
3.905822
1.464253
0.605616
-2.319593
-3.066427
-1.664589
-2.857824
-0.623119
4.555862
3.905822
1.464253
0.605616
-2.319593
-3.066427
-1.664589
-2.857824
-0.623119
4.555862
3.905822
1.464253
0.605616
-2.319593
-3.066427
-1.664589
-2.857824
-0.623119
4.555862
3.905822
1.464253
0.605616
-2.319593
-3.066427
-1.664589
-2.857824
-0.623119
4.555862
3.905822
1.464253
0.605616
-2.319593
-3.066427
-1.664589
-2.857824
-0.623119
4.555862
3.905822
1.464253
0.605616
-2.319593
-3.066427
-1.664589
-2.857824
-0.623119
4.555862
3.905822
1.464253
0.605616
-2.319593
-3.066427
-1.664589
-2.857824
-0.623119
4.555862
3.905822
1.464253
0.605616
-2.319593
-3.066427
-1.664589
-2.857824
-0.623119
4.555862
3.905822
1.464253
0.605616
-2.319593
-3.066427
-1.664589
-2.857824
-0.623119
4.555862
3.905822
1.464253
0.605616
-2.319593
-3.066427
-1.664589
-2.857824
-0.623119
4.555862
3.905822
1.464253
0.605616
-2.319593
-3.066427
-1.664589
-2.857824
-0.623119
4.555862
3.905822
1.464253
0.605616
-2.319593
-3.066427
-1.664589
-2.857824
-0.623119
4.555862
3.905822
1.464253
0.605616
-2.319593
-3.066427
-1.664589
-2.857824
-0.623119
4.555862
3.905822
1.464253
0.605616
-2.319593
-3.066427
-1.664589
-2.857824
-0.623119
4.555862
3.905822
1.464253
0.605616
-2.319593
-3.066427
-1.664589
-2.857824
-0.623119
4.555862
3.905822
1.464253
0.605616
-2.319593
-3.066427
-1.664589
-2.857824
-0.623119
4.555862
3.905822
1.464253
0.605616
-2.319593
-3.066427
-1.664589
-2.857824
-0.623119
4.555862
3.905822
1.464253
0.605616
-2.319593
-3.066427
-1.664589
-2.857824
-0.623119
4.555862
3.905822
1.464253
0.605616
-2.319593
-3.066427
-1.664589
-2.857824
-0.623119
4.555862
3.905822
1.464253
0.605616
-2.319593
-3.066427
-1.664589
-2.857824
-0.623119
4.555862
3.905822
1.464253
0.605616
-2.319593
-3.066427
-1.664589
-2.857824
-0.623119
4.555862
3.905822
1.464253
0.605616
-2.319593
-3.066427
-1.664589
-2.857824
-0.623119
4.555862
3.905822
1.464253
0.605616
-2.319593
-3.066427
-1.664589
-2.857824
-0.623119
4.555862
3.905822
1.464253
0.605616
-2.319593
-3.066427
-1.664589
-2.857824
-0.623119
4.555862
3.905822
1.464253
0.605616
-2.319593
-3.066427
-1.664589
-2.857824
-0.623119
4.555862
3.905822
1.464253
0.605616
-2.319593
-3.066427
-1.664589
-2.857824
-0.623119
4.555862
3.905822
1.464253
0.605616
-2.319593
-3.066427
-1.664589
-2.857824
-0.623119
4.555862
3.905822
1.464253
0.605616
-2.319593
-3.066427
-1.664589
-2.857824
-0.623119
4.555862
3.905822
1.464253
0.605616
-2.319593
-3.066427
-1.664589
-2.857824
-0.623119
4.555862
3.905822
1.464253
0.605616
-2.319593
-3.066427
-1.664589
-2.857824
-0.623119
4.555862
3.905822
1.464253
0.605616
-2.319593
-3.066427
-1.664589
-2.857824
-0.623119
4.555862
3.905822
1.464253
0.605616
-2.319593
-3.066427
-1.664589
-2.857824
-0.623119
4.555862
3.905822
1.464253
0.605616
-2.319593
-3.066427
-1.664589
-2.857824
-0.623119
4.555862
3.905822
1.464253
0.605616
-2.319593
-3.066427
-1.664589
-2.857824
-0.623119
4.555862
3.905822
1.464253
0.605616
-2.319593
-3.066427
-1.664589
-2.857824
-0.623119
4.555862
3.905822
1.464253
0.605616
-2.319593
-3.066427
-1.664589
-2.857824
-0.623119
4.555862
3.905822
1.464253
0.605616
-2.319593
-3.066427
-1.664589
-2.857824
-0.623119
4.555862
3.905822
1.464253
0.605616
-2.319593
-3.066427
-1.664589
-2.857824
-0.623119
4.555862
3.905822
1.464253
0.605616
-2.319593
-3.066427
-1.664589
-2.857824
-0.623119
4.555862
3.905822
1.464253
0.605616
-2.319593
-3.066427
-1.664589
-2.857824
-0.623119
4.555862
3.905822
1.464253
0.605616
-2.319593
-3.066427
-1.664589
-2.857824
-0.623119
4.555862
3.905822
1.464253
0.605616
-2.319593
-3.066427
-1.664589
-2.857824
-0.623119
4.555862
3.905822
1.464253
0.605616
-2.319593
-3.066427
-1.664589
-2.857824
-0.623119
4.555862
3.905822
1.464253
0.605616
-2.319593
-3.066427
-1.664589
-2.857824
-0.623119
4.555862
3.905822
1.464253
0.605616
-2.319593
-3.066427
-1.664589
-2.857824
-0.623119
4.555862
3.905822
1.464253
0.605616
-2.319593
-3.066427
-1.664589
-2.857824
-0.623119
4.555862
3.905822
1.464253
0.605616
-2.319593
-3.066427
